-0.59477589
0.39893892
-0.34205464
0.40406954
0.38058080
0.39893892
1.38931278
-0.68833171
0.16446316
1.38931278
0.39893892
-0.66666667
-0.59504238
0.66666667
-0.59477589
-0.34205464
0.39893892
-0.58405712
0.39893892
-1.38588125
-0.34205464
1.24166438
-0.59477589
0.71763927
0.23235009
0.73047342
1.38040526
-0.61273910
0.39893892
0.37678789
0.39918695
1.24166438
0.50365991
-0.49817352
1.24166438
0.39893892
-0.61685386
-1.62408568
-0.16663809
0.14064712
1.38931278
0.39893892
-1.16669524
-0.57724414
0.66666667
0.39893892
-0.57724414
0.40406954
-0.34205464
-0.59477589
-1.58600760
-0.59504238
0.39893892
-0.75708399
-0.00000000
1.26633891
0.24430883
1.26633891
-0.75708399
0.24430883
0.24430883
1.26633891
-0.75708399
1.26633891
-0.75708399
0.24430883
0.24430883
1.26633891
-0.75708399
0.24430883
-0.75708399
1.26633891
1.26633891
-0.75708399
0.24430883
1.26633891
-0.75356375
0.24430883
-0.75708399
1.26633891
-0.75708399
0.24430883
-0.75708399
-0.00000000
0.24430883
1.26633891
-1.15517602
0.84934791
-0.15547682
0.57785436
-1.15517602
-0.13459656
-1.15517602
-1.41743935
-0.14130154
0.28664537
0.66666667
-0.14130154
-1.15517602
-0.15242976
0.33102882
0.86298554
1.35731617
-1.15517602
0.88062894
-0.13459656
-0.11895324
0.86298554
-1.15517602
-0.12605045
-0.87371836
-1.15517602
0.13915738
0.13915738
1.13829857
0.07726927
-1.15517602
-0.66666667
0.46924283
-0.15547682
0.84934791
-1.15517602
0.83022163
-0.16355497
0.00000000
-1.15517602
0.73622630
-0.27442590
0.73047342
-0.30141766
1.71657704
-0.66666667
0.23235009
1.71657704
0.66024979
-0.66666667
0.69760492
-0.30141766
0.52970045
0.00000000
-0.30141766
-1.23839234
1.71657704
-1.23839234
0.52970045
-0.27769653
1.71657704
-0.30141766
0.73047342
1.71657704
0.72863778
1.33333333
0.23235009
-0.30141766
-0.29657453
-0.27769653
-0.30141766
0.71156412
-0.27442590
1.71657704
-0.30141766
0.71875068
0.66024979
-0.29657453
-0.30141766
-0.28697692
-1.28928751
0.66666667
0.16446316
0.23235009
-0.30141766
-0.27769653
0.16446316
-0.30141766
0.66024979
-0.27769653
1.71657704
-0.66666667
0.72863778
0.16997802
-0.78498601
0.83229533
-0.83664469
-0.16562866
-1.33333333
0.21054499
0.22460690
-0.78498601
0.42590734
1.22909767
0.22946288
-0.78498601
-0.16699123
0.16835090
-0.50050242
-1.49949758
-0.78498601
-0.83501757
0.00000000
0.84773574
-0.78498601
-0.15345645
-0.66666667
-0.78498601
0.83283091
0.22460690
-0.16616424
1.33333333
-0.78498601
0.21054499
0.00000000
0.66666667
0.66666667
0.22946288
-0.78498601
-0.16699123
0.44903371
-0.16699123
-1.16634210
-0.78498601
-0.18295949
0.66666667
-0.78498601
-1.17798647
-0.15345645
0.66666667
-0.16025357
0.07726927
0.55161401
-0.16025357
0.66666667
-0.16025357
0.55161401
0.66666667
-0.66666667
-0.66666667
0.23235009
-0.16025357
0.28664537
0.66666667
-0.16025357
0.66666667
-0.16025357
-0.16025357
0.66666667
-0.16025357
0.46924283
0.66666667
-0.51310391
0.00000000
-1.15324512
-0.16025357
0.42590734
-0.55759662
0.54118406
-1.17288247
0.17138688
-0.83803695
-0.16025357
-0.18028550
0.07629952
0.10549263
0.07726927
-0.91270483
1.07016996
-0.91270483
0.39918695
0.36797042
-0.91270483
0.07726927
0.07629952
0.07629952
0.33102882
-0.91270483
1.07016996
0.39918695
1.07016996
0.06951732
-0.91270483
0.07629952
0.07726927
1.07016996
-0.91270483
0.07629952
-0.91270483
0.07726927
0.07726927
0.07629952
1.07016996
-0.91270483
0.33102882
1.07016996
0.39918695
-0.91270483
-0.91270483
1.07016996
0.49722210
-0.33242365
0.68090034
0.92045723
-1.33109398
1.50277790
-1.33109398
0.92045723
-0.32399802
-0.09904440
0.92045723
-0.60940031
-1.36005134
0.00000000
-1.33109398
-1.33109398
0.92045723
0.16446316
1.83140117
0.00000000
-1.33109398
0.39918695
-0.60940031
-0.59730765
0.39874431
0.92045723
1.83140117
0.92045723
-1.33333333
-1.33109398
-0.87371836
0.16446316
0.83526550
0.92045723
0.13141202
-0.87371836
-1.33109398
-0.07849456
1.83140117
-1.36005134
-0.60940031
-0.15242976
0.28664537
-1.33109398
-0.03856510
-0.32399802
0.33102882
-0.07625160
0.92045723
-1.33109398
1.83140117
-1.16306300
1.33333333
-1.33109398
0.92045723
-0.00000000
0.00000000
-0.51206586
0.16446316
0.16640325
1.32690184
0.33102882
-0.55040421
0.42590734
-0.51206586
-1.33333333
0.31951367
0.16640325
1.32690184
-0.51206586
0.00000000
-0.00000000
1.32690184
-0.51206586
-0.55040421
-0.51206586
0.31951367
-0.00000000
0.16640325
1.16693008
1.32690184
-0.55040421
-0.51206586
0.16640325
0.23235009
0.16446316
0.16640325
-0.51206586
1.32690184
-0.55040421
-1.33333333
1.32690184
0.31951367
-0.51206586
-0.51803391
-1.33333333
-0.51206586
0.31951367
-1.51907490
-0.55040421
1.32690184
-0.51206586
-0.17027033
0.16616424
-1.16306300
-0.83283091
0.07726927
1.08229548
0.09538701
-1.14518179
0.87991773
-0.04518362
-0.15535755
-0.10945297
0.95280911
-1.14518179
0.36797042
0.87991773
-0.10945297
-0.15535755
-0.04518362
0.28664537
-1.14518179
-1.14518179
-0.10945297
-0.15535755
-0.66666667
-0.10945297
0.88937464
0.23235009
-0.15535755
1.85384958
-1.14518179
0.87991773
0.36797042
-0.15535755
-0.10945297
-1.14518179
-0.04518362
0.88937464
0.07726927
1.07891617
-1.14518179
1.10087149
0.28664537
-1.14518179
1.33333333
-0.10945297
0.88937464
1.27922897
-1.14518179
1.10087149
0.07726927
0.28664537
-1.14518179
0.88937464
0.87991773
1.85384958
-0.10945297
-0.12605045
1.33333333
0.62981565
-1.62408568
-0.34205464
1.66914370
0.44903371
0.62981565
-0.34205464
0.40406954
0.62981565
-0.36629447
-0.47943670
1.33333333
-0.36629447
1.66914370
0.62981565
1.66914370
0.62981565
-0.36629447
0.67215305
0.61751570
-0.47943670
-0.59038543
0.39512163
0.62981565
-1.58600760
0.62981565
-1.58600760
-0.59038543
-1.30851508
-0.36629447
1.66914370
-0.34205464
-0.59038543
-1.58600760
0.62981565
0.67215305
1.66914370
0.62981565
-0.36629447
0.00000000
-1.58600760
0.00000000
0.62981565
-0.59038543
-0.82188905
0.66666667
0.15547483
-1.82311258
-0.84714521
-0.66666667
-1.82311258
-0.66666667
-1.82311258
-0.84714521
0.07726927
1.09215276
-1.82311258
1.29786126
0.33102882
0.11154701
-0.66666667
-1.82311258
-1.82311258
-0.66666667
0.14064712
-0.84714521
-1.82311258
0.15755230
1.14585234
-1.82311258
1.16055770
-0.82188905
-0.84714521
0.00000000
0.66666667
0.16745310
-0.66666667
-0.62355561
-1.82311258
-1.82311258
-0.66666667
-0.06623590
-1.16713370
0.93847450
-0.06663218
0.93847450
-0.06663218
-1.16713370
-1.66722563
-0.66666667
0.93847450
-0.06663218
-1.16713370
1.33333333
-0.66900243
-0.06663218
0.93847450
-0.06623590
-1.16713370
0.93570954
0.93847450
-1.16713370
1.33333333
-0.06663218
-1.66722563
0.93847450
0.33622806
-1.16713370
-0.06663218
-1.66722563
-1.66722563
-1.16713370
0.92550694
0.93847450
-0.06663218
-0.16619964
-1.16713370
0.93847450
-1.66722563
-0.06663218
-0.66900243
0.33622806
0.93847450
-0.06663218
0.93847450
-1.66722563
-1.16713370
-0.16619964
-0.06663218
-0.66900243
-0.90586029
0.44903371
0.36797042
-0.53203645
0.07726927
-0.52712123
0.44903371
-0.61639937
0.44903371
0.36302043
-0.05527170
-0.90586029
-0.52712123
0.36302043
-0.71370424
0.33102882
1.33333333
-0.52712123
0.36302043
-0.68058960
0.66666667
-0.52712123
0.42590734
0.83501757
0.48395085
-0.16835090
-0.52712123
-0.90586029
-0.71370424
0.66666667
-0.52712123
0.36302043
-0.58336909
0.01775881
1.01899582
0.46770637
-0.52712123
-0.48992480
-1.49024056
-0.98148293
-1.64561467
1.33333333
-0.52712123
-1.33333333
0.46770637
1.01899582
0.00000000
-0.52712123
0.46770637
-1.33333333
-0.52712123
-0.98148293
-0.49855712
0.49855712
-0.49605852
-0.70005098
0.28664537
0.42590734
-1.50394148
-0.66666667
0.48705214
-1.44157749
-1.50394148
-0.43383584
-1.30851508
-1.50394148
0.64500162
-0.30505226
-1.50394148
0.42590734
0.28664537
0.29812443
-0.75138034
0.00000000
0.28664537
1.24122166
0.24946741
0.23235009
-1.50394148
-0.75138034
0.42590734
-0.31521344
-1.50394148
-1.30851508
0.24647229
1.24122166
0.49561726
-1.50394148
-0.49561726
-1.50394148
0.42590734
-0.70005098
0.29812443
0.28664537
-1.33333333
-1.50394148
-1.33333333
-1.50394148
0.42590734
-1.33333333
-0.52861352
1.34693915
1.38779099
1.40064844
0.36797042
-1.33333333
0.33995895
-0.52861352
0.42292446
1.41704090
-0.52861352
-0.66666667
0.33102882
-0.52861352
0.33995895
1.34693915
-1.53097171
-0.52861352
-1.06700407
-0.59275046
0.41321872
-0.07186513
0.40997568
0.42292446
-0.52861352
-1.53106039
-0.58580552
-0.58295598
1.41704090
-0.58295598
-0.59275046
0.41324910
-0.52861352
-0.58145442
0.46720875
-1.57737205
1.41704090
-1.33333333
1.33333333
-0.52861352
1.41704090
0.42292446
0.00000000
-0.59275046
1.34693915
0.33995895
-0.52861352
0.33102882
-0.52861352
0.46924283
0.48705214
0.46924283
0.56112865
-0.49371846
0.66666667
0.22574720
-0.74031573
-1.72682281
-0.74031573
0.24139134
0.66666667
0.24139134
-0.74031573
0.66666667
-0.74031573
0.22574720
0.22574720
-0.74031573
0.24139134
0.22574720
-1.72682281
-0.74031573
0.22574720
-0.74031573
0.24139134
-1.72682281
-0.74031573
0.22574720
-0.74031573
0.24139134
0.24139134
-0.74031573
-1.23694227
-1.23717938
0.75300072
-0.21546379
0.66666667
0.39918695
-0.41381820
-1.23717938
0.75890734
-1.23694227
0.77661477
-0.22453498
-1.23850874
-0.22628872
0.85219714
-0.25281131
-0.22628872
1.33333333
0.75890734
-1.23717938
-1.35525362
-0.41381820
0.66666667
-1.23717938
0.44903371
-0.21546379
-0.66666667
0.56112865
-1.23694227
0.48705214
-1.23717938
-0.41381820
-1.23717938
1.33333333
0.75890734
-0.22628872
-0.22628872
0.85219714
0.78374033
0.75300072
-1.23717938
-0.24692560
-0.21546379
0.77809644
-1.23717938
-1.21302999
0.16446316
-0.23173311
-0.24226851
-1.23694227
-0.41381820
-0.21546379
-1.23717938
0.77807119
0.46924283
-1.23717938
-0.41381820
0.36008232
1.38091879
-0.63588641
0.37362193
0.36008232
0.85233666
0.37362193
-0.63588641
1.37425691
0.37362193
-0.64565012
-0.63588641
1.38091879
0.38625052
-1.63200365
-0.63588641
0.36008232
1.38091879
-0.64565012
0.37362193
-1.63200365
1.38091879
-0.63588641
0.36008232
0.37362193
0.37362193
0.36008232
0.85233666
-0.64565012
-0.63588641
1.38091879
0.36008232
-0.64565012
-0.63588641
-0.18566999
-0.63588641
0.85233666
-1.62825695
-0.63588641
-1.62825695
-0.18566999
0.85233666
0.37362193
-1.62825695
-0.63588641
0.36008232
0.36797042
0.36797042
0.39918695
-0.59170484
1.40747492
0.46924283
0.46924283
0.66666667
-0.59170484
0.23235009
-0.66666667
0.45761743
-0.59170484
1.40747492
0.23235009
-0.70201623
0.39918695
1.40747492
0.41680397
0.39918695
-0.59170484
0.42590734
0.23235009
0.45761743
0.23235009
0.66666667
0.28664537
-0.59170484
0.28664537
-0.70201623
-0.59170484
0.54118406
0.66666667
-0.66666667
0.46924283
0.23235009
1.40747492
0.33102882
0.36797042
-0.59170484
0.44903371
0.45761743
-0.59170484
0.23235009
0.36797042
-0.70201623
0.28664537
0.23235009
0.39918695
1.40747492
0.23235009
-0.59170484
-0.59170484
0.66666667
0.23235009
-0.60940031
0.16446316
1.40747492
-0.44181315
0.43270657
0.50286390
-1.57899408
-1.57899408
-1.16807886
-0.53465024
-0.16525448
0.55161401
-0.44181315
-1.57899408
-0.53861381
0.43270657
1.44232367
0.16446316
-1.57899408
0.48705214
-0.44181315
-0.53861381
0.46924283
-1.57899408
1.44232367
-0.44181315
-0.44181315
0.00000000
0.48705214
0.46924283
-1.57899408
0.44903371
-1.16807886
-1.57899408
-0.16525448
-0.44181315
-1.57899408
0.36797042
-0.44181315
-1.57899408
0.46924283
-0.53861381
1.44232367
0.28664537
-1.57899408
0.36797042
0.46924283
0.46924283
-0.23836697
0.79459755
0.51699545
0.79459755
-0.23836697
0.75723568
-1.24932019
-0.23836697
-0.23775428
-1.24004770
0.76309880
-0.23665789
0.42590734
0.79459755
-0.23836697
-0.23836697
-0.15398901
0.44903371
0.84232073
-0.66666667
-0.23836697
-0.23775428
0.39918695
0.78074734
-1.24846910
-0.23775428
-1.24932019
-1.24004770
0.76309880
-0.23836697
0.75723568
0.42590734
-0.23836697
-0.66666667
-0.23836697
0.44903371
-1.24004770
-0.23775428
-1.24932019
0.76309880
-0.23836697
0.75723568
1.36751995
-0.57357427
-0.60124956
0.37794714
-1.21809555
1.37790214
-1.56973926
0.28664537
0.36850765
-0.62686388
0.36375083
0.39120282
-1.21809555
-1.62940183
-0.60124956
0.37794714
1.37790214
0.37794714
0.39532108
-1.62940183
1.36751995
0.66666667
-0.62765635
-0.62686388
-0.62765635
-0.61666596
0.36203330
0.37794714
0.36607835
1.37790214
0.39120282
-0.62670223
-1.21809555
1.36751995
0.37794714
-1.23717938
1.37329777
-0.60124956
0.36607835
-0.61666596
-0.62686388
-1.57501619
0.66666667
0.37794714
-0.62765635
-0.57357427
0.39120282
-1.57501619
0.37794714
-0.61666596
0.36203330
-1.64621996
1.33333333
-0.54356636
-0.61666596
0.44968897
-0.57357427
0.36203330
0.37794714
-1.53599517
0.37794714
-0.62765635
0.36203330
1.27806163
1.37790214
1.36751995
-1.23717938
0.66666667
0.37794714
0.36203330
-0.57357427
1.36751995
-0.72193837
0.33102882
-0.63676206
1.47760662
0.46924283
-0.63676206
0.34720851
-1.41743935
0.36302043
1.31941040
-0.90586029
0.52422822
-0.87371836
0.52970045
-0.42377969
-0.63676206
0.33102882
0.39918695
-0.63676206
-1.64561467
0.36378771
-1.33333333
0.36797042
0.28664537
0.07726927
-0.42377969
-0.62677190
-0.63676206
0.36302043
-0.71370424
0.52422822
0.33102882
-0.63676206
0.52970045
0.52422822
0.54118406
-0.63676206
-0.42377969
-1.41743935
-0.98148293
-0.63676206
-0.05527170
0.37175468
-1.64561467
0.16446316
0.46924283
-0.50535798
1.47760662
0.35637594
-0.63676206
0.50286390
1.30572070
1.38233909
-0.63676206
0.37175468
0.38196137
-0.61958692
0.66666667
-0.62686388
1.38885259
0.39054836
-0.38935485
-1.21809555
-0.62686388
0.38731909
1.38885259
-0.38935485
-1.19628848
-0.37338259
0.38731909
-0.62686388
0.59394760
-0.38935485
-1.19628848
-0.62686388
-0.37338259
-0.38935485
0.62570364
-0.37338259
1.33333333
-0.38935485
0.38731909
-0.62686388
0.62570364
1.38885259
-0.62686388
-0.38935485
-1.19628848
0.39054836
-1.33333333
-1.21809555
-2.00000000
-0.62686388
-0.38935485
0.59386517
-1.23311135
-0.62686388
-0.23726684
-1.19628848
-1.21809555
0.39054836
-2.14744525
-0.38935485
0.61610821
-0.62686388
-0.38935485
-0.39032302
-0.62686388
-2.00000000
0.61610821
0.62570364
-1.19628848
-0.37338259
-0.38935485
1.06276252
0.06364917
1.06276252
0.06364917
0.06807968
1.06276252
0.06364917
1.07435113
0.06364917
1.06276252
0.06807968
0.06364917
1.07435113
1.06276252
1.51753971
1.06276252
0.66666667
0.50286390
0.39918695
0.06364917
1.06276252
0.06364917
1.06276252
0.06364917
0.50286390
1.51753971
0.39918695
1.06276252
-0.93550916
-0.55759662
0.06364917
1.06276252
0.06364917
1.07435113
0.61638335
-0.39892526
0.73047342
1.38779099
0.61638335
1.38779099
-0.39892526
0.73047342
-0.39892526
0.53724725
1.38779099
0.38152713
0.61638335
1.38779099
0.53724725
-0.39892526
0.61638335
1.38779099
0.38152713
-0.39892526
0.53724725
1.38779099
-0.39892526
0.61638335
0.61638335
-0.39892526
1.38779099
0.69760492
0.53724725
-0.39892526
-0.37897848
0.61638335
1.38779099
0.53724725
0.61638335
1.38779099
-0.39892526
0.70378543
1.38779099
0.61638335
-0.39892526
-1.75846461
0.28664537
-1.62408568
0.24181035
0.66666667
-0.77812430
-0.77812430
-0.75900075
0.24181035
0.33102882
0.66666667
0.66666667
0.24071465
-0.74850807
1.24949876
-1.75846461
0.27392000
-0.77812430
-0.75900075
0.24181035
-1.75846461
-0.77812430
0.66666667
0.24894431
0.15383080
1.15174691
-0.77812430
0.24071465
-1.75846461
-0.74850807
-1.75846461
0.24071465
0.15383080
0.24181035
0.00000000
-0.77812430
1.21651604
0.83540176
0.24071465
-0.43383584
1.15174691
-0.77812430
-0.16873509
0.66666667
-0.16873509
-1.44157749
-0.43383584
-1.75846461
-0.77812430
-1.62408568
-1.75846461
-0.77812430
0.33102882
0.24071465
1.22999713
-0.43383584
0.24181035
-0.74850807
-1.75846461
1.24949876
-0.77812430
0.24071465
-1.55630633
-1.33333333
-0.47122656
0.52649826
-0.52557450
-1.47989390
-0.52557450
0.39641054
-0.52861352
0.42812246
0.47672064
-0.52557450
0.47672064
0.39641054
1.39262091
0.40341407
0.66666667
-0.52557450
-1.47989390
1.40849567
0.66666667
-0.52557450
1.40849567
-1.47989390
-1.47989390
0.66666667
-0.52557450
-0.47943670
-1.33333333
0.23235009
-1.64621996
-0.61666596
-0.62285690
0.66666667
-0.52557450
0.28664537
0.45243087
0.40341407
-0.52557450
1.27391583
-0.58580552
1.40849567
-0.52557450
-2.14744525
0.55084676
-0.43502572
-1.16234821
-0.00000000
0.55084620
1.33333333
-0.62285690
1.40849567
-0.62686388
-0.52557450
0.40260115
-1.64621996
-0.15535755
-0.66666667
-0.10945297
-0.12605045
-1.14518179
-0.14084276
-1.14661193
-0.49575678
0.49575678
0.88444547
-0.12605045
-1.14844530
-1.12309738
0.36378771
-0.12605045
0.36797042
-0.14130154
-0.12174537
1.33333333
-0.66666667
0.36797042
-0.12605045
0.50286390
0.39918695
-0.10945297
-1.14145813
-0.15535755
-1.14518179
-0.12605045
-0.13178541
-1.14397690
-1.12437160
-0.12605045
-0.14084276
-1.14518179
-0.15535755
0.88830604
-0.04518362
-0.12605045
-0.13178541
0.86187527
1.27391583
0.28664537
-0.12605045
0.00000000
0.82448510
-0.14084276
1.35731617
-0.18543107
-0.12605045
-0.49872381
1.45023692
-0.12605045
0.39918695
0.88556750
0.49872381
